604
0 500 31.57798
0 438 9.78982
1 311 5.78505
1 552 4.02468
1 313 5.19807
2 296 2.62235
2 570 9.20476
2 61 4.18162
3 288 13.49458
3 93 25.49096
3 168 16.16816
3 319 11.63407
4 48 12.31142
4 18 27.63762
4 5 11.20172
4 92 11.21247
5 4 11.20172
5 65 12.22198
5 6 20.60132
5 587 11.10037
6 18 7.68806
6 62 11.43069
6 5 20.60132
6 174 10.54332
7 128 5.24386
7 36 16.90053
7 21 15.10905
7 580 8.70717
9 485 2.85584
9 177 8.15484
9 11 7.34540
10 48 43.98506
10 459 1.15867
10 492 12.90360
10 73 15.99917
11 477 4.75652
11 278 3.22314
11 9 7.34540
12 477 4.04295
12 25 3.58311
12 14 2.90483
13 458 9.80702
13 330 20.21912
14 342 2.34789
14 53 20.18444
14 12 2.90483
14 344 7.07754
15 218 8.36646
15 90 8.88560
16 30 10.69510
16 587 11.53002
16 67 17.66525
17 222 11.22791
17 169 6.62575
18 320 16.47271
18 4 27.63762
18 6 7.68806
18 333 23.17424
19 42 14.22094
19 101 14.22948
19 443 8.52029
20 101 13.91003
20 465 8.34186
21 22 4.62371
21 282 8.54159
21 35 9.96088
21 7 15.10905
22 128 14.70705
22 366 5.97191
22 463 4.79627
22 21 4.62371
23 406 6.60003
23 341 15.22307
23 225 6.18939
23 513 4.81959
24 344 17.87822
24 234 6.15549
24 524 4.56332
24 330 13.75280
25 342 1.29747
25 227 8.64004
26 77 10.22456
26 268 2.30621
26 586 9.19453
27 73 11.46246
27 187 18.44317
27 517 2.78986
27 441 8.31944
28 59 17.93207
28 354 11.08338
28 569 10.18725
28 29 18.65466
29 76 11.61297
29 28 18.65466
29 538 3.00490
30 354 5.72034
30 71 11.48474
30 519 5.54394
30 16 10.69510
31 589 13.82184
31 64 8.79262
32 48 14.08571
32 527 4.13474
32 360 34.36428
33 414 19.31160
34 35 7.21843
34 174 3.58962
35 435 14.77239
35 21 9.96088
35 34 7.21843
36 170 4.57975
36 7 16.90053
36 570 14.34676
36 37 8.33989
37 69 15.08068
37 580 17.81185
37 141 8.56432
37 36 8.33989
38 483 14.57972
38 173 6.14237
38 138 9.21045
39 83 13.58907
39 40 7.72898
39 82 8.02099
40 486 13.69996
40 39 7.72898
40 41 8.72801
41 444 14.24261
41 40 8.72801
41 99 14.26610
41 42 8.80851
42 19 14.22094
42 43 8.90286
42 41 8.80851
42 475 14.39465
43 74 8.89009
43 42 8.90286
43 91 13.84321
44 520 4.35461
44 521 4.29365
44 539 11.64501
44 261 29.86361
45 85 14.94630
45 261 8.23974
45 150 8.91850
45 164 8.99171
46 495 11.23055
46 294 23.04913
47 62 11.54963
47 571 2.25955
48 283 8.40701
48 10 43.98506
48 65 8.62765
48 4 12.31142
48 32 14.08571
49 364 14.18123
49 174 10.42627
50 322 17.61678
50 436 7.23728
51 478 8.56256
51 579 8.37720
51 52 12.29586
52 177 7.96361
52 51 12.29586
53 480 2.35925
53 281 21.09350
53 143 7.34914
53 14 20.18444
54 198 4.06320
54 197 18.16278
54 144 6.41322
54 143 6.72960
55 166 16.01305
55 145 6.92466
56 454 15.60756
56 138 5.84296
57 88 7.45148
57 240 6.56721
57 454 17.55914
58 456 9.34035
58 118 5.39531
58 569 16.30001
59 520 14.90115
59 28 17.93207
59 544 13.82050
60 427 2.69797
60 46 9.28202
60 572 4.40078
61 396 3.93553
61 531 10.26638
61 2 4.18162
62 587 18.54703
62 6 11.43069
62 67 11.31923
63 65 8.47738
63 589 8.61257
63 64 13.74288
64 66 8.35849
64 252 13.64700
65 48 8.62765
65 63 8.47738
65 5 12.22198
65 66 14.20121
66 253 14.22919
66 65 14.20121
66 32 8.58634
67 62 11.31923
67 544 9.00083
67 189 12.63567
68 339 5.15953
68 487 8.90104
68 478 11.71289
68 270 2.93988
69 570 8.33727
69 37 15.08068
69 123 16.37693
69 142 8.46345
70 385 12.23125
71 79 16.47627
71 30 11.48474
71 589 9.18277
71 569 12.47276
73 27 11.46246
73 432 5.19785
73 10 15.99917
73 230 16.06251
74 98 12.96168
74 205 8.84474
74 43 8.89009
75 493 8.95495
75 208 13.70133
75 522 5.22962
76 29 11.61297
76 583 12.75920
76 268 9.01946
76 569 18.91869
77 180 5.80626
77 266 7.66776
77 159 7.08275
77 26 10.22456
78 408 8.35268
78 603 16.18212
78 567 10.72926
79 457 6.52545
79 31 10.57092
79 71 16.47627
80 476 6.26697
80 15 7.59983
80 81 14.70269
81 82 13.90761
81 466 11.02041
81 80 14.70269
82 173 9.89448
82 39 8.02099
82 106 16.18912
82 81 13.90761
83 81 10.08248
83 15 13.67627
84 83 11.04960
84 40 13.64295
85 363 3.07416
85 151 7.41196
85 45 14.94630
86 231 12.08772
86 163 1.33714
86 349 40.11422
87 138 16.28770
87 88 16.61605
87 454 9.58123
88 89 5.67285
88 87 16.61605
89 226 6.27181
89 483 13.46788
89 182 6.16245
90 448 8.25804
90 84 13.70696
91 475 11.16141
91 442 13.55704
92 4 11.21247
92 319 10.96630
92 283 11.10272
93 329 2.53190
93 3 25.49096
93 327 8.15442
93 320 8.23519
94 57 8.95693
94 453 18.44020
94 131 14.43926
95 271 18.53111
95 132 14.52269
95 154 6.12249
96 194 4.92946
96 417 7.29164
96 276 2.73562
97 287 11.36587
97 490 3.59926
98 243 8.65821
99 41 14.26610
99 448 14.08041
99 84 11.13090
100 465 14.03231
100 75 8.69625
100 444 14.27834
101 20 13.91003
101 100 8.44770
101 19 14.22948
102 101 8.54079
102 443 13.70400
103 367 10.24972
103 348 9.49457
104 119 4.84079
104 542 4.74735
105 367 0.52664
105 419 2.99761
106 107 8.64506
106 82 16.18912
106 493 14.76620
107 39 14.30573
107 486 3.99028
108 434 3.41981
108 72 21.96461
109 221 6.84429
109 91 11.32241
110 140 11.30349
110 17 7.72177
111 110 11.34953
111 97 15.09598
112 199 8.00636
112 113 7.99177
112 197 11.33530
113 209 3.43148
113 114 6.81453
113 112 7.99177
114 115 10.34901
114 201 8.00425
114 188 15.21528
114 113 6.81453
115 188 18.16676
115 114 10.34901
115 202 8.11148
116 303 5.30459
116 304 4.72144
116 305 6.16352
117 118 11.35144
117 457 9.35329
117 601 6.33149
117 456 6.38836
118 470 9.09727
118 117 11.35144
118 58 5.39531
118 599 6.67524
119 104 4.84079
119 178 4.58678
120 265 16.53560
120 231 7.76364
120 121 9.78705
121 181 20.59227
121 120 9.78705
121 533 28.90122
122 123 11.43944
122 570 13.40037
122 175 8.36348
123 407 3.12388
123 69 16.37693
124 530 2.30867
124 583 3.34219
124 532 4.00731
125 530 8.80115
125 132 3.26776
125 584 3.68363
126 535 2.25563
126 335 17.82229
126 223 12.67186
127 295 8.36809
127 463 13.09947
127 531 16.38898
127 128 5.34557
128 7 5.24386
128 22 14.70705
128 127 5.34557
128 170 16.34000
129 130 7.27543
129 178 4.82677
129 518 3.10052
130 129 7.27543
130 179 7.02660
130 195 10.45273
131 600 5.98762
131 94 14.43926
131 468 14.85073
132 95 14.52269
132 584 2.13509
133 134 7.47152
133 259 18.31003
134 260 18.16069
134 494 5.80555
135 389 2.25519
135 390 1.55664
135 450 1.92556
136 603 1.89567
136 137 19.04343
136 156 9.13748
137 467 10.86247
137 136 19.04343
138 87 16.28770
138 38 9.21045
138 56 5.84296
139 184 4.84730
139 392 4.57366
139 560 7.66506
140 242 8.20535
140 222 7.51972
140 109 11.27967
141 334 5.34408
141 580 20.39387
141 37 8.56432
141 581 6.64102
142 270 5.20131
142 69 8.46345
142 582 0.76276
143 232 4.84171
143 54 6.72960
143 53 7.34914
144 272 16.64381
144 145 4.05195
144 54 6.41322
145 200 22.70814
145 55 6.92466
145 144 4.05195
146 547 12.87925
146 296 11.56753
146 190 5.42213
146 191 12.21048
147 558 1.98160
147 547 1.95919
147 148 5.90962
148 147 5.90962
149 246 8.93055
149 150 8.26374
149 261 8.84316
150 151 14.95915
150 557 8.97888
150 149 8.26374
150 45 8.91850
151 150 14.95915
151 85 7.41196
151 239 7.49285
152 595 1.61943
153 196 5.28209
153 594 1.60363
154 94 5.85366
154 509 18.47696
154 600 14.47454
155 348 7.68786
155 367 25.54321
155 518 33.65094
156 203 9.65765
156 157 17.38775
156 136 9.13748
157 210 9.58273
157 156 17.38775
157 211 5.99712
158 298 17.09555
158 213 9.26685
158 191 4.88218
158 183 5.18483
159 567 5.60804
159 77 7.08275
159 180 4.89530
159 555 3.05096
160 347 3.31417
160 411 4.95221
160 514 9.23761
161 162 11.02765
161 185 3.58123
162 161 11.02765
163 412 27.69566
163 86 1.33714
163 164 8.05978
164 265 10.91827
164 45 8.99171
164 163 8.05978
165 166 7.42667
165 201 4.08631
165 200 7.49025
166 55 16.01305
166 165 7.42667
166 264 10.36576
167 376 3.26502
167 472 3.52376
168 566 0.89410
168 361 7.08593
169 205 8.88172
170 36 4.57975
170 128 16.34000
170 531 4.76818
171 172 8.85607
171 193 1.85537
172 171 8.85607
172 184 16.11886
173 82 9.89448
173 38 6.14237
173 206 16.85487
173 466 14.06142
174 6 10.54332
174 34 3.58962
174 47 11.15406
175 479 7.76378
175 122 8.36348
176 505 58.57641
176 374 5.96507
176 274 6.59796
177 52 7.96361
177 279 10.46071
177 9 8.15484
178 179 8.41675
178 119 4.58678
178 129 4.82677
179 178 8.41675
179 130 7.02660
180 77 5.80626
180 391 6.67621
180 159 4.89530
181 269 12.35668
181 555 8.19670
181 121 20.59227
182 80 7.89375
182 466 13.77863
183 184 8.20671
183 214 9.14914
183 192 4.87422
183 158 5.18483
184 183 8.20671
184 139 4.84730
184 172 16.11886
185 186 2.85623
185 161 3.58123
185 256 6.02135
186 185 2.85623
186 255 4.46156
187 473 2.75622
187 267 8.83539
187 474 12.76455
187 27 18.44317
188 115 18.16676
188 114 15.21528
188 474 1.51256
189 46 3.94551
189 572 9.21492
190 297 12.73940
190 146 5.42213
190 546 5.00973
191 298 18.33716
191 146 12.21048
191 158 4.88218
192 215 9.24753
192 193 7.46011
192 183 4.87422
193 216 8.94303
193 171 1.85537
193 192 7.46011
194 488 18.40880
194 416 5.04617
194 95 5.79542
195 130 10.45273
195 350 7.01764
196 153 5.28209
196 263 10.62631
197 112 11.33530
197 199 8.05421
197 54 18.16278
198 54 4.06320
199 200 3.18046
199 197 8.05421
199 112 8.00636
200 165 7.49025
200 199 3.18046
200 145 22.70814
201 202 10.28436
201 165 4.08631
201 114 8.00425
202 201 10.28436
202 207 16.52865
202 115 8.11148
203 156 9.65765
203 414 6.03031
203 467 2.08590
204 567 9.51648
204 391 9.41655
205 222 6.72939
205 243 14.10704
205 169 8.88172
205 74 8.84474
206 233 5.12650
206 217 3.52748
206 173 16.85487
207 386 4.83866
207 202 16.52865
208 75 13.70133
208 465 5.27724
209 113 3.43148
210 157 9.58273
210 251 15.38470
211 157 5.99712
211 467 6.42260
212 317 19.20202
212 506 3.05086
213 214 5.91708
213 219 15.36272
213 158 9.26685
214 215 5.76190
214 213 5.91708
214 183 9.14914
215 216 7.85291
215 214 5.76190
215 219 10.03909
215 192 9.24753
216 220 12.89345
216 215 7.85291
216 193 8.94303
217 206 3.52748
218 476 8.79011
218 455 5.38623
219 220 7.40029
219 213 15.36272
219 244 8.71878
219 215 10.03909
220 273 6.28786
220 216 12.89345
220 219 7.40029
221 222 11.26635
221 74 6.00990
222 17 11.22791
222 205 6.72939
222 140 7.51972
222 221 11.26635
223 126 12.67186
223 224 3.42356
223 282 8.52503
224 513 0.79323
224 333 14.55086
224 223 3.42356
225 248 11.07998
225 23 6.18939
225 574 6.11699
226 240 12.97385
226 89 6.27181
226 601 7.47596
227 25 8.64004
228 257 7.11260
228 480 22.23572
228 517 7.69964
229 554 8.25101
230 267 1.44014
230 73 16.06251
231 86 12.08772
231 120 7.76364
231 269 7.78388
232 143 4.84171
233 245 4.05139
233 206 5.12650
233 106 6.01304
234 248 12.00542
234 338 5.53211
234 24 6.15549
235 499 8.63296
235 254 22.87182
235 283 6.52876
236 362 5.83721
236 499 8.52490
236 496 8.66300
236 566 4.90297
237 492 5.24580
238 265 4.16183
238 363 4.35469
239 557 15.01878
239 534 0.65370
239 353 4.35527
239 151 7.49285
240 599 7.42827
240 57 6.56721
241 278 8.77703
242 140 8.20535
243 205 14.10704
244 219 8.71878
244 273 6.23513
244 397 2.27190
245 233 4.05139
246 149 8.93055
246 557 8.26344
246 247 1.93727
247 410 28.42500
247 246 1.93727
247 262 7.44605
248 234 12.00542
248 341 7.58665
248 336 9.88079
248 225 11.07998
249 86 14.56414
249 250 12.40485
250 269 6.13671
250 266 5.93314
250 555 11.45481
250 249 12.40485
251 260 9.33671
251 210 15.38470
251 389 15.50568
252 90 13.73072
252 455 11.60594
253 66 14.22919
253 448 14.32024
253 252 10.98373
254 235 22.87182
254 511 11.09375
254 442 14.26637
255 591 2.95156
255 592 2.50364
256 186 7.05156
257 228 7.11260
258 585 13.40836
258 259 7.13315
259 260 9.69716
259 258 7.13315
259 133 18.31003
260 134 18.16069
260 259 9.69716
260 251 9.33671
261 44 29.86361
261 45 8.23974
261 149 8.84316
262 508 2.37072
262 70 9.75385
262 346 6.63984
262 247 7.44605
263 196 10.62631
264 166 10.36576
265 238 4.16183
265 164 10.91827
265 363 6.45247
265 120 16.53560
266 77 7.66776
266 250 5.93314
266 268 6.35797
267 230 1.44014
267 187 8.83539
267 472 7.57770
268 76 9.01946
268 26 2.30621
268 452 11.66096
268 266 6.35797
269 181 12.35668
269 231 7.78388
269 250 6.13671
270 334 15.19529
270 68 2.93988
270 142 5.20131
271 95 18.53111
271 488 7.78028
272 144 16.64381
273 398 0.43376
273 220 6.28786
273 244 6.23513
274 382 4.44995
274 345 5.14217
274 176 6.59796
275 413 7.32692
275 348 6.08057
276 96 2.73562
277 417 1.94410
277 584 7.03208
277 416 4.13555
278 11 3.22314
278 241 8.77703
279 177 10.46071
279 484 3.53809
279 579 3.09877
280 422 10.25582
281 556 26.46853
281 596 7.04646
281 481 3.02937
281 53 21.09350
282 223 8.52503
282 21 8.54159
283 553 8.69344
283 92 11.10272
283 235 6.52876
284 204 8.46672
285 501 2.79672
285 399 6.44165
285 595 8.16023
286 401 9.80514
286 357 7.80946
287 373 2.33859
287 383 7.96987
287 370 14.54125
288 460 0.72231
288 331 20.87072
288 3 13.49458
289 576 10.00691
289 315 11.76708
289 374 4.40998
290 315 5.72811
290 375 8.22120
291 379 12.81070
291 295 3.50839
291 292 6.27082
292 551 11.93882
292 315 32.64285
292 294 4.68703
292 291 6.27082
293 297 7.67542
293 531 4.44469
293 462 7.70157
293 528 3.86503
294 292 4.68703
294 291 7.92456
294 463 5.03094
295 588 15.42206
295 462 8.07041
295 291 3.50839
295 127 8.36809
296 396 3.69349
296 298 22.71476
296 2 2.62235
296 146 11.56753
297 190 12.73940
297 396 2.32113
297 293 7.67542
298 158 17.09555
298 392 5.05956
298 296 22.71476
298 191 18.33716
299 420 8.31058
300 299 1.52859
301 419 0.94698
301 299 10.88335
302 529 13.06207
302 312 26.38415
303 60 13.18300
303 409 1.12445
303 116 5.30459
304 116 4.72144
304 508 18.18308
305 304 5.72895
305 116 6.16352
305 521 8.78765
306 307 2.91931
307 70 16.57888
307 308 10.36692
308 508 2.27024
308 262 5.71488
309 310 0.35620
309 552 6.50257
310 309 0.35620
310 427 4.59781
310 428 2.51355
311 312 8.89867
312 429 5.14227
313 409 1.13225
313 314 8.16223
313 1 5.19807
315 292 32.64285
315 318 3.96962
315 289 11.76708
315 290 5.72811
316 505 24.90521
316 318 5.56988
316 317 8.95501
317 212 19.20202
317 351 9.29429
317 316 8.95501
317 318 15.27606
318 315 3.96962
318 316 5.56988
318 317 15.27606
319 92 10.96630
319 553 10.82852
319 3 11.63407
319 320 23.49433
320 93 8.23519
320 512 13.23053
320 319 23.49433
320 18 16.47271
321 406 0.84332
321 512 3.95149
322 380 25.59019
323 324 23.63231
323 325 12.82363
324 108 9.96761
325 500 9.44809
326 324 31.63924
326 440 6.42016
327 328 7.24149
328 49 3.03973
329 93 2.53190
329 597 5.18540
330 596 10.29452
330 13 20.21912
330 24 13.75280
331 332 3.21074
331 597 4.00958
332 13 8.33277
333 18 23.17424
333 580 16.39221
334 378 5.33311
334 270 15.19529
334 335 6.27926
334 141 5.34408
335 340 4.89432
335 334 6.27926
335 126 17.82229
336 337 4.44094
336 340 3.99432
336 248 9.88079
336 339 18.52736
337 336 4.44094
337 338 5.11064
337 339 21.71528
338 484 7.51294
338 337 5.11064
338 502 9.64665
338 234 5.53211
339 336 18.52736
339 337 21.71528
339 68 5.15953
340 336 3.99432
340 335 4.89432
340 341 6.97769
341 248 7.58665
341 23 15.22307
341 340 6.97769
342 25 1.29747
342 399 2.38585
342 14 2.34789
343 344 4.45094
344 343 4.45094
344 14 7.07754
344 24 17.87822
345 514 0.99656
345 274 5.14217
345 353 4.68905
345 382 2.63515
346 557 9.17782
346 262 6.63984
346 382 8.20452
347 160 3.31417
348 155 7.68786
348 275 6.08057
348 103 9.49457
349 413 1.06039
349 350 6.84357
349 518 10.64917
350 526 1.34186
350 195 7.01764
351 352 1.73437
351 317 9.29429
352 461 16.17100
352 563 2.51235
353 514 4.56579
353 239 4.35527
353 345 4.68905
354 568 5.62431
354 30 5.72034
354 28 11.08338
355 326 11.08441
355 579 7.68974
356 433 13.48264
357 590 3.04410
358 356 6.35130
359 447 10.54288
360 564 0.56061
360 482 2.29185
360 237 3.04238
361 237 5.53733
361 564 4.46348
362 565 4.16447
362 236 5.83721
363 85 3.07416
363 265 6.45247
364 365 10.76577
364 306 17.26748
365 543 5.40917
366 431 5.71908
366 536 3.59652
367 105 0.52664
367 155 25.54321
367 103 10.24972
368 371 10.71999
368 464 5.38828
368 445 6.24873
369 370 9.25664
369 394 13.29047
370 371 3.20064
371 384 7.08393
371 372 2.21501
371 368 10.71999
372 373 17.74696
372 371 2.21501
372 496 12.90489
373 401 11.02664
374 289 4.40998
374 176 5.96507
375 290 8.22120
376 377 1.30647
376 167 3.26502
377 376 1.30647
377 471 5.90423
377 474 1.86946
378 334 5.33311
379 291 12.81070
381 254 8.00963
382 346 8.20452
382 345 2.63515
383 482 14.07443
383 446 11.84663
384 381 2.05280
385 105 11.94476
386 207 4.83866
387 355 8.53959
388 407 1.11266
389 135 2.25519
389 450 2.08289
389 251 15.50568
390 284 0.72685
391 586 1.47661
391 180 6.67621
392 139 4.57366
392 298 5.05956
393 499 21.87194
393 381 1.01981
394 384 5.17599
394 393 6.99661
395 553 3.10857
395 498 10.08035
396 297 2.32113
396 61 3.93553
396 296 3.69349
397 244 2.27190
398 273 0.43376
399 14 2.42686
399 285 6.44165
400 433 16.73355
400 72 12.20017
401 492 0.92720
401 482 8.79376
402 404 2.23047
403 380 4.83641
404 329 6.55422
404 327 10.37536
405 93 12.79896
405 328 16.25390
406 321 0.84332
406 437 1.25649
406 23 6.60003
407 123 3.12388
408 78 8.35268
409 313 1.13225
409 314 12.46048
409 303 1.12445
410 247 28.42500
411 160 4.95221
412 541 0.68072
412 539 2.77641
413 163 40.15395
413 349 1.06039
413 275 7.32692
414 550 0.52621
414 203 6.03031
414 33 19.31160
415 400 1.71384
415 357 11.05921
416 417 2.56850
416 194 5.04617
417 277 1.94410
417 96 7.29164
418 439 4.54317
418 405 19.22127
419 105 2.99761
419 301 0.94698
420 425 9.64100
420 576 10.10536
421 424 3.31981
421 422 9.31806
422 369 4.91726
423 489 19.86414
424 356 13.51224
424 286 7.56173
425 374 3.10644
425 289 2.97177
426 423 3.19890
427 310 4.59781
427 428 3.63280
427 60 2.69797
428 311 4.02878
429 431 5.32757
429 435 13.57295
430 280 13.87064
430 426 16.71548
431 495 5.38743
432 73 5.19785
432 590 8.47323
433 0 10.38665
434 432 9.43657
434 430 11.17338
435 50 0.94635
436 503 13.08792
436 321 5.07248
437 503 12.38012
437 322 15.79636
438 402 13.43036
438 403 25.46781
439 325 15.01025
439 324 23.32263
440 402 24.29261
440 403 23.14446
441 27 8.31944
441 460 9.53107
441 556 4.91601
442 254 14.26637
442 445 8.62028
443 43 13.70286
443 98 8.53230
444 100 14.27834
444 19 8.61709
444 41 14.24261
445 109 13.07283
445 446 17.04249
445 368 6.24873
446 110 14.43423
446 97 8.35363
447 359 10.54288
448 449 8.55580
448 99 14.08041
448 253 14.32024
449 442 8.52773
449 475 13.93963
449 511 14.38966
450 451 0.84934
451 284 4.40644
451 603 4.02912
452 268 11.66096
452 537 1.15030
453 94 18.44020
453 509 7.63209
454 56 15.60756
454 453 9.12935
454 57 17.55914
455 602 9.12722
455 31 13.59350
456 117 6.38836
456 79 7.23530
457 117 9.35329
457 602 7.19348
457 79 6.52545
458 556 9.42113
458 13 9.80702
458 459 15.43717
459 460 9.98455
459 458 15.43717
459 10 1.15867
460 288 0.72231
460 441 9.53107
461 588 0.89046
461 528 3.17010
461 546 1.25204
462 293 7.70157
462 295 8.07041
463 127 13.09947
463 294 5.03094
463 22 4.79627
464 368 5.38828
464 497 13.77148
465 208 5.27724
465 20 8.34186
465 100 14.03231
466 173 14.06142
466 483 8.08026
466 182 13.77863
467 137 10.86247
467 211 6.42260
467 203 2.08590
468 598 6.01167
468 131 14.85073
469 470 6.42569
469 131 5.78821
470 118 9.09727
470 469 6.42569
470 598 7.06862
471 473 4.18266
471 472 4.62696
472 471 4.62696
472 167 3.52376
472 267 7.57770
473 187 2.75622
474 188 1.51256
474 377 1.86946
475 449 13.93963
475 42 14.39465
475 99 11.32850
476 218 8.79011
476 80 6.26697
476 602 6.79536
476 226 15.44109
477 12 4.04295
477 11 4.75652
477 485 11.05778
478 578 20.87732
478 51 8.56256
478 68 11.71289
479 175 7.76378
480 504 3.53404
480 228 22.23572
480 53 2.35925
481 281 3.02937
482 360 2.29185
482 383 14.07443
483 89 13.46788
483 38 14.57972
483 87 10.07503
484 279 3.53809
484 338 7.51294
484 485 5.12427
485 9 2.85584
485 484 5.12427
485 477 11.05778
486 444 8.29203
486 523 8.61752
487 68 8.90104
488 194 18.40880
489 111 2.02323
490 358 13.90990
490 447 3.61578
491 362 3.56483
491 553 4.89127
492 401 0.92720
492 415 3.51633
492 10 12.90360
493 525 3.91943
493 106 14.76620
494 135 1.51786
494 390 1.57569
495 47 3.59475
495 34 11.02820
496 498 8.15258
496 236 8.66300
496 372 12.90489
497 498 0.99641
497 395 10.16090
498 497 0.99641
498 496 8.15258
498 464 13.85011
499 393 21.87194
499 510 6.37988
499 235 8.63296
499 236 8.52490
500 502 9.69220
501 285 2.79672
502 8 8.60181
503 323 4.08416
504 480 3.53404
505 506 6.04100
505 176 58.57641
505 316 24.90521
506 507 0.63032
506 505 6.04100
506 212 3.05086
507 506 0.63032
507 212 3.67574
508 262 2.37072
508 304 18.18308
509 154 18.47696
509 271 8.06850
510 499 6.37988
511 549 6.63477
511 253 11.29176
511 449 14.38966
512 321 3.95149
512 320 13.23053
512 561 8.43532
513 224 0.79323
513 23 4.81959
513 562 12.45730
514 345 0.99656
514 160 9.23761
514 515 5.86178
515 514 5.86178
516 517 4.00190
517 516 4.00190
517 27 2.78986
517 228 7.69964
518 155 33.65094
518 129 3.10052
518 349 10.64917
519 30 5.54394
519 573 8.73484
520 44 4.35461
520 59 14.90115
521 305 8.78765
521 520 3.13961
521 44 4.29365
522 107 9.10566
523 522 1.55238
523 75 5.35146
524 24 4.56332
524 574 4.36280
525 545 3.31885
526 413 6.79212
526 350 1.34186
527 549 3.49092
527 32 4.13474
528 293 3.86503
528 588 2.96755
529 303 6.20177
530 125 8.80115
530 124 2.30867
531 61 10.26638
531 127 16.38898
531 293 4.44469
531 170 4.76818
532 600 8.99729
532 530 2.48874
533 121 28.90122
533 550 3.26700
534 239 0.65370
535 126 2.25563
536 366 3.59652
537 412 0.76777
537 249 12.99633
538 29 3.00490
538 540 5.15400
539 44 11.64501
539 541 2.87675
540 537 0.77377
540 452 1.35525
541 540 0.72139
541 538 4.89350
542 548 1.64886
542 104 4.74735
543 572 7.61566
543 544 6.22741
544 59 13.82050
544 543 6.22741
544 67 9.00083
544 573 3.65685
545 233 12.88773
546 547 15.91122
546 461 1.25204
546 190 5.00973
547 147 1.95919
547 559 9.38174
547 146 12.87925
547 546 15.91122
548 542 1.64886
549 527 3.49092
549 511 6.63477
550 414 0.52621
550 533 3.26700
551 309 7.50341
551 552 2.28368
551 292 11.93882
552 551 2.28368
552 1 4.02468
553 319 10.82852
553 283 8.69344
553 491 4.89127
553 395 3.10857
554 229 8.25101
554 152 2.00198
555 181 8.19670
555 250 11.45481
555 159 3.05096
556 458 9.42113
556 281 26.46853
556 441 4.91601
557 246 8.26344
557 239 15.01878
557 346 9.17782
557 150 8.97888
558 147 1.98160
559 547 9.38174
560 139 7.66506
561 512 8.43532
562 513 12.45730
563 575 4.47121
563 351 4.34753
564 360 0.56061
564 566 10.87805
565 3 7.85274
566 168 0.89410
566 236 4.90297
566 565 9.39675
567 204 9.51648
567 78 10.72926
567 159 5.60804
568 354 5.62431
569 58 16.30001
569 28 10.18725
569 76 18.91869
569 71 12.47276
570 69 8.33727
570 36 14.34676
570 122 13.40037
570 2 9.20476
571 577 8.53538
571 577 6.01080
572 60 4.40078
572 365 2.22442
572 306 12.64665
572 116 12.91841
573 519 8.73484
573 544 3.65685
574 524 4.36280
574 225 6.11699
575 563 4.47121
576 302 0.60882
577 189 0.34258
578 478 20.87732
579 279 3.09877
579 51 8.37720
580 141 20.39387
580 282 12.22106
580 333 16.39221
580 37 17.81185
580 7 8.70717
581 582 7.71766
581 141 6.64102
582 142 0.76276
582 581 7.71766
583 468 4.40980
583 76 12.75920
583 124 3.34219
584 585 10.70911
584 125 3.68363
584 277 7.03208
585 133 2.52616
585 586 15.90935
585 258 13.40836
586 26 9.19453
586 585 15.90935
586 583 10.35059
587 63 11.86464
587 5 11.10037
587 16 11.53002
588 461 0.89046
588 462 8.69105
588 575 8.90816
589 71 9.18277
589 63 8.61257
589 16 11.58740
590 185 7.01802
590 161 8.02377
590 432 8.47323
590 592 8.57134
591 592 0.83271
591 287 19.07105
592 591 0.83271
592 280 6.14103
592 590 8.57134
593 554 3.30006
593 152 1.76847
594 593 0.35401
594 153 1.60363
595 285 8.16023
595 594 3.53916
596 332 1.64263
596 597 2.02789
596 281 7.04646
597 330 10.44907
597 329 5.18540
597 596 2.02789
598 470 7.06862
598 58 10.15988
599 469 5.95828
599 240 7.42827
599 118 6.67524
600 132 5.82312
600 154 14.47454
600 532 8.99729
601 599 11.45762
601 117 6.33149
601 226 7.47596
602 476 6.79536
602 457 7.19348
602 601 11.19376
603 136 1.89567
603 78 16.18212
603 451 4.02912
