1356
0 191 10.08151
0 1296 8.39888
0 2 1.84006
1 48 18.89827
1 323 25.89593
1 236 23.25901
1 341 32.51150
2 1028 4.84882
2 341 18.91243
2 0 1.84006
3 1238 27.31323
3 948 35.94458
3 224 16.38724
4 515 0.78456
4 610 4.03054
5 1107 1.63205
5 1077 8.31292
5 382 5.36432
6 59 1.17308
6 1214 3.25221
6 764 3.33172
7 870 4.58558
7 1253 1.38211
8 131 8.18692
8 1006 5.12105
9 1252 0.97009
9 397 9.33877
10 103 4.86177
10 1027 2.00396
11 77 16.75241
11 19 2.98068
11 1011 1.37109
12 1139 0.97754
12 440 3.18433
12 1311 14.93408
13 215 2.96901
13 216 3.38369
13 209 1.01206
13 1267 20.72601
14 1265 1.58440
14 221 7.56175
15 1183 1.08381
15 1329 3.02314
16 770 4.80269
17 245 2.29444
17 250 5.86447
18 390 2.56218
18 237 3.01751
18 236 1.65191
19 11 2.98068
20 1123 6.30136
20 1163 8.81126
21 665 2.29486
21 134 20.24411
21 974 8.51709
22 202 1.18027
22 200 3.95488
22 197 3.85103
23 1229 1.18105
23 201 8.66119
23 202 3.47875
24 68 3.91876
24 700 3.18451
25 696 0.75010
26 27 30.35377
26 695 1.49872
27 110 29.27864
27 26 30.35377
27 487 17.49275
28 191 7.48443
28 1294 1.59756
29 753 5.72070
29 752 1.16244
30 232 3.47866
30 707 3.36149
30 509 4.62332
30 702 13.10238
31 72 8.81995
31 1117 6.36742
32 376 4.86599
32 72 4.42531
33 1159 4.69716
33 1222 0.97546
33 1158 3.13278
34 885 5.86242
34 1151 3.52568
35 1037 0.66960
36 198 0.88951
36 403 7.25257
37 940 2.45496
37 260 0.86269
37 666 14.35403
38 301 15.67770
38 39 15.18545
38 940 3.00134
38 1044 6.92962
38 254 4.35915
39 298 1.82028
39 40 16.18443
39 273 6.72846
39 38 15.18545
40 251 11.69204
40 39 16.18443
41 1308 2.75993
41 1190 2.58278
41 1192 2.25435
42 986 1.44256
42 727 6.63055
43 42 8.19568
43 44 18.94787
44 952 16.79116
44 43 18.94787
44 75 29.34358
45 863 6.64037
45 867 2.97485
46 869 22.97775
46 45 7.02228
47 49 1.34694
47 238 8.08369
48 939 7.57127
48 1 18.89827
48 47 21.34421
48 447 33.13922
49 331 33.05762
49 18 9.10538
50 246 9.91638
50 449 11.94981
50 334 25.43043
50 448 11.20271
51 414 3.79055
51 113 2.17557
52 1181 0.83444
52 1238 9.30642
53 1187 2.18090
53 1189 1.83364
54 241 1.81478
54 769 3.15009
55 983 0.55483
55 1170 41.62109
56 158 7.88167
56 932 11.39801
56 186 5.10414
57 576 1.97483
57 1025 4.55860
58 88 1.71577
58 689 1.30013
59 6 1.17308
59 872 3.43423
60 186 0.82221
60 933 4.14110
61 1002 10.56182
61 252 1.97081
62 502 3.74296
63 62 3.19728
64 1315 2.27706
64 63 2.51663
65 64 13.00978
66 1084 11.12045
66 744 14.39577
66 1082 17.11033
66 925 19.39118
67 1083 22.58730
67 613 10.01077
67 253 7.15055
68 700 4.96468
68 613 41.31842
69 767 4.72666
70 71 17.30276
70 1080 40.72313
70 1279 13.68629
71 70 17.30276
72 32 4.42531
72 31 8.81995
72 73 18.70433
72 195 10.00158
73 78 8.78599
73 74 1.30174
73 72 18.70433
74 359 6.49105
74 73 1.30174
74 373 7.02411
75 76 4.34542
75 222 13.40386
75 44 29.34358
76 75 4.34542
76 1174 1.96732
76 1173 2.53681
76 1172 27.87736
77 54 2.07768
77 769 3.23362
78 112 6.49860
78 143 3.15491
79 579 1.07602
79 930 10.32731
80 1284 0.90986
80 1286 4.15543
81 1300 8.90901
81 803 14.13986
82 486 10.88683
82 1279 1.18370
82 1140 21.57268
83 831 4.67645
83 951 8.09794
84 966 2.32121
84 181 9.13608
85 926 5.55986
85 762 13.03705
85 878 14.51048
85 877 10.12610
86 577 7.09204
86 594 2.98249
86 877 22.30995
87 683 0.36125
87 575 3.33717
87 1160 4.04706
88 1026 2.79881
89 1327 0.49075
89 1177 9.07868
90 91 4.89511
90 114 2.70455
90 220 3.67684
91 945 6.52936
91 1136 9.76455
92 924 4.87578
92 12 6.77606
93 879 0.73082
93 343 9.41645
93 763 3.11344
94 880 0.39562
94 954 2.25256
95 96 6.15652
95 691 2.47467
96 955 4.57356
96 95 6.15652
96 155 22.74208
97 1031 5.54504
97 98 4.95600
97 955 1.73698
98 154 9.15288
98 97 4.95600
98 981 4.85257
99 1043 6.55886
99 593 4.29092
100 192 9.55145
100 1295 13.49242
101 102 9.56835
101 100 6.30607
102 190 4.30877
102 101 9.56835
103 609 1.37123
104 581 2.22664
104 107 7.57255
105 539 2.97545
105 450 13.43549
105 732 7.87891
105 231 2.19018
106 596 5.84509
106 675 8.13871
106 597 11.49172
106 581 15.64698
107 106 5.94380
108 920 6.07292
108 1099 0.81301
108 670 7.36773
109 80 1.09803
109 188 2.78237
110 1012 2.17997
110 1014 2.40691
110 27 29.27864
111 1013 5.02443
111 1296 19.82803
112 149 3.67297
112 144 9.38073
112 78 6.49860
113 1259 1.77648
113 1274 1.08072
114 413 18.36303
114 90 2.70455
114 1275 6.05752
115 206 5.46207
115 368 7.36692
117 758 17.00176
117 142 4.24142
119 773 11.12073
120 1135 29.51364
121 443 3.49342
121 1264 3.31671
122 123 6.83549
122 385 7.02824
123 127 5.83595
123 388 6.32230
123 122 6.83549
123 124 6.93839
124 129 5.13443
124 123 6.93839
125 664 1.14641
125 135 11.56382
125 132 11.64654
126 130 9.74035
126 251 4.26308
126 252 3.77282
127 123 5.83595
127 134 8.67816
127 129 9.17222
128 288 8.92913
129 1137 8.60014
129 127 9.17222
129 992 7.31418
130 131 9.39885
130 1006 9.62053
131 124 7.33280
131 388 4.05535
132 141 3.69534
132 125 11.64654
132 753 13.99052
133 753 10.06598
133 754 3.94525
133 663 3.46181
134 127 8.67816
134 122 7.53193
135 125 11.56382
135 116 1.74589
137 1333 10.76192
138 136 40.22529
138 1355 8.72848
139 214 0.79796
139 462 1.50339
140 1194 0.62274
141 132 3.69534
141 135 7.45046
142 152 23.65636
142 159 14.82354
143 144 5.74262
143 1134 3.30030
144 143 5.74262
144 148 9.71453
144 146 6.41211
144 112 9.38073
145 148 9.55258
145 378 3.34994
145 376 5.40848
146 144 6.41211
146 1133 3.07895
147 430 9.73074
147 1054 9.01983
148 144 9.71453
148 145 9.55258
148 149 12.67153
148 752 6.69515
149 32 12.13800
149 148 12.67153
150 756 24.62408
150 117 7.40772
151 205 16.66826
152 142 23.65636
152 118 2.43037
153 658 3.85710
153 660 5.24424
153 321 3.51150
154 1092 22.30433
154 955 2.55870
155 1276 11.81289
155 96 22.74208
155 1092 6.66163
156 184 8.26336
156 157 17.84305
156 585 12.96579
157 156 17.84305
157 158 6.32257
157 1302 13.64339
158 56 7.88167
158 1130 11.40156
158 157 6.32257
159 747 3.00768
159 147 5.86952
159 415 5.70851
160 530 6.44379
160 347 16.72506
160 339 12.13285
161 1313 0.98375
161 162 17.00218
162 164 7.40241
162 1289 9.67835
162 161 17.00218
163 164 8.46572
163 1278 5.63334
163 165 10.23713
164 162 7.40241
164 163 8.46572
164 1095 20.41675
165 163 10.23713
165 962 15.63734
165 1285 7.72088
166 962 12.20251
166 110 16.56011
167 168 5.99575
167 526 10.55803
167 527 12.30872
168 1056 18.86271
168 309 28.43879
169 622 7.30070
169 743 12.69785
170 169 8.57258
170 1121 14.67940
171 268 4.37960
172 1257 0.51963
172 171 17.85714
173 557 1.11604
173 1063 3.97145
174 614 3.86414
174 175 24.56034
174 613 7.82330
175 529 9.36832
175 618 5.94420
175 918 6.88083
175 174 24.56034
176 618 1.64801
176 387 6.82369
176 1350 9.16007
177 619 1.88070
177 1085 12.28845
177 970 18.59435
178 316 9.53547
178 128 5.27389
179 1273 0.48612
179 180 5.41408
180 694 3.40602
181 966 8.71164
181 879 3.09882
182 993 2.21797
182 997 1.89413
183 184 7.69106
183 98 5.16749
184 156 8.26336
184 183 7.69106
184 98 8.79087
185 186 5.36603
185 1130 1.54113
185 584 6.09132
186 185 5.36603
186 60 0.82221
186 56 5.10414
187 1297 11.26283
187 1336 1.87480
188 802 4.00002
189 1240 7.12778
189 1091 2.99872
190 101 12.92144
190 1000 8.44239
191 28 7.48443
191 1339 3.82798
192 610 17.25889
192 4 8.21732
193 1124 2.34565
193 741 3.23922
194 965 4.81621
194 1124 6.08428
194 973 10.83269
195 380 10.97395
195 72 10.00158
195 362 7.12707
196 198 5.50388
196 61 2.16749
197 271 10.39957
197 281 3.60093
197 200 11.37115
197 22 3.85103
198 36 0.88951
198 196 5.50388
198 199 16.46209
199 197 8.37455
199 22 3.33337
200 262 0.66194
201 395 3.28752
202 22 1.18027
202 23 3.47875
202 201 3.03140
203 1229 11.57957
203 202 4.64021
204 366 3.28711
204 372 3.96267
205 756 5.80132
205 151 16.66826
206 357 7.19282
206 115 5.46207
206 365 5.17238
207 220 1.06382
207 211 8.14188
207 209 3.93018
208 207 9.20676
208 209 3.80844
209 207 3.93018
209 13 1.01206
209 211 1.94496
210 14 6.88374
210 219 7.85263
211 439 3.50246
212 437 4.80687
212 1263 7.48507
213 1266 12.50107
213 1266 18.89926
213 15 0.81891
214 4 1.15370
214 1210 2.71597
215 336 7.42580
216 215 8.38991
216 948 10.63231
216 13 3.38369
217 216 7.35097
217 13 2.59856
218 705 2.34238
218 587 3.84270
218 1054 0.90220
219 432 4.93838
219 428 4.97709
219 221 13.81056
219 210 7.85263
220 207 1.06382
220 432 11.91574
220 90 3.67684
221 426 5.14127
221 433 12.25116
221 219 13.81056
221 14 7.56175
222 718 3.03296
222 727 18.51399
222 1190 1.79966
222 75 13.40386
223 739 10.57814
223 1182 5.06830
224 1179 1.32889
224 3 16.38724
224 52 6.54459
225 504 4.86170
225 506 1.41547
225 739 3.23019
226 720 3.19786
226 228 10.02657
226 719 2.12469
227 455 3.02227
227 452 7.22276
227 229 13.09180
228 226 10.02657
228 1191 2.96957
228 718 6.30188
229 230 3.04309
229 457 6.63931
229 227 13.09180
229 611 6.52135
230 229 3.04309
230 702 2.40138
230 392 9.93559
231 105 2.19018
231 456 15.15057
231 510 10.48080
232 30 3.47866
232 735 2.58661
232 734 9.02968
232 452 4.73663
233 234 5.41053
234 825 9.25155
234 233 5.41053
234 826 2.97804
235 323 19.36892
235 1234 1.02934
235 236 20.44688
236 1 23.25901
236 18 1.65191
236 47 9.05676
237 340 9.52927
238 938 15.83292
238 1303 13.32621
239 11 2.91705
239 19 4.46818
240 337 29.57892
240 243 4.89399
241 956 1.84023
241 249 1.46812
242 16 1.77839
242 772 3.19750
243 239 2.27437
243 1174 12.49834
244 241 2.96204
244 956 4.40789
245 54 1.45565
245 250 2.91165
246 50 9.91638
246 248 6.40364
246 989 16.32349
247 17 1.82294
247 469 15.60396
248 246 6.40364
248 520 2.68404
249 247 2.81696
249 245 1.74237
250 242 5.67985
251 126 4.26308
251 1044 10.03546
252 196 1.82552
252 126 3.77282
253 1083 18.30641
253 67 7.15055
253 1082 1.83103
254 974 2.16275
254 38 4.35915
254 940 7.37199
255 291 1.50807
255 293 8.71745
255 258 6.18667
256 987 6.67144
256 558 6.84574
257 269 6.15113
257 300 5.29674
258 257 4.50681
258 255 6.18667
259 274 4.13812
259 559 2.53496
259 292 9.47725
260 37 0.86269
260 1164 2.08136
261 280 4.87307
261 299 15.78900
262 310 3.02295
262 271 7.56296
263 261 10.70146
264 299 10.30840
264 1252 8.61714
265 282 9.59488
265 302 4.54966
265 296 4.51331
266 263 6.25395
266 292 6.98197
267 286 2.57311
267 308 8.97037
267 258 10.14145
268 517 2.20592
268 315 10.10212
269 263 6.87570
269 307 5.58754
270 275 2.67057
270 294 3.71513
270 299 5.62397
271 197 10.39957
271 314 6.50716
271 290 6.87869
272 311 7.37225
272 287 6.00411
273 281 4.04678
273 286 9.93058
273 39 6.72846
274 306 9.77713
274 259 4.13812
274 302 8.48853
275 270 2.67057
275 279 8.94253
275 294 3.89419
276 278 9.07634
276 128 9.08709
277 297 3.23070
277 313 3.81680
278 312 10.26212
278 296 6.52738
279 987 5.48194
279 275 8.94253
280 558 7.58826
280 256 6.35330
281 197 3.60093
281 273 4.04678
282 305 2.51787
282 265 9.59488
282 303 8.78622
282 287 4.65668
283 1330 2.55492
283 317 7.48421
284 315 9.05622
285 281 8.13210
285 286 7.01591
286 267 2.57311
286 285 7.01591
286 273 9.93058
287 306 7.74312
287 282 4.65668
287 302 9.62626
288 1165 4.11551
289 171 0.59518
289 284 10.22322
290 277 3.08296
290 271 6.87869
291 303 3.97046
291 255 1.50807
291 305 8.83815
292 295 2.52649
292 266 6.98197
292 259 9.47725
293 305 1.86844
293 296 9.56634
293 255 8.71745
294 558 2.62333
294 270 3.71513
294 275 3.89419
295 292 2.52649
295 311 4.73924
296 265 4.51331
296 278 6.52738
296 293 9.56634
297 314 8.20773
297 308 6.26678
298 1211 18.12611
298 258 13.29930
299 264 10.30840
299 270 5.62397
299 261 15.78900
300 257 5.29674
301 312 11.95893
302 265 4.54966
302 274 8.48853
302 276 6.48616
303 282 8.78622
303 307 4.69636
303 291 3.97046
304 317 8.98684
304 289 3.74779
305 282 2.51787
305 293 1.86844
305 291 8.83815
306 295 1.29526
306 287 7.74312
307 303 4.69636
307 272 2.85384
308 269 9.77487
308 267 8.97037
309 557 2.79416
310 264 9.54755
310 290 7.50779
311 266 1.94817
311 272 7.37225
312 260 15.87101
312 288 8.46730
313 297 2.15522
313 263 16.56735
314 285 3.06608
314 267 6.62680
315 316 8.54265
315 268 10.10212
316 274 6.50109
316 276 10.08392
317 284 7.01971
317 304 8.98684
318 89 6.05835
318 586 12.78188
319 318 4.03579
319 427 12.14777
320 212 4.89156
321 378 0.84501
321 29 4.97714
321 153 3.51150
321 652 8.19573
322 390 1.50396
322 330 9.89097
322 1232 21.23934
323 324 10.58233
323 1 25.89593
323 235 19.36892
324 323 10.58233
324 325 15.91360
324 328 23.42920
325 324 15.91360
325 327 12.86524
325 1088 12.78282
326 327 6.33876
326 1088 5.72748
326 1087 21.30484
327 1135 5.88567
327 325 12.86524
327 326 6.33876
328 324 23.42920
329 1050 13.98577
329 532 19.17263
330 331 15.99655
330 537 11.25743
330 322 9.89097
331 330 15.99655
331 1051 14.03340
331 49 33.05762
332 248 3.09096
332 333 11.96671
333 332 11.96671
333 937 11.20940
334 464 16.94086
334 50 25.43043
334 468 6.43940
335 948 24.58391
335 1011 3.01702
336 1267 3.32568
336 968 12.44912
337 3 17.61536
337 338 22.78508
338 1186 2.32078
338 337 22.78508
339 1232 15.21600
339 160 12.13285
339 532 13.15007
340 531 3.80178
340 1232 5.40715
341 447 23.83299
341 1 32.51150
341 2 18.91243
342 1157 3.36735
342 1153 12.50031
342 893 8.64471
343 693 12.66050
343 94 7.55328
343 764 30.71269
343 954 3.39076
344 1071 1.30270
345 421 4.25925
345 416 7.37661
346 951 9.11693
347 160 16.72506
347 1309 13.15644
348 789 1.09470
348 477 3.29825
348 782 4.32207
349 795 10.01398
349 788 25.22078
349 799 10.72579
349 697 9.20666
350 1297 8.69764
350 1288 6.91600
351 931 1.72240
351 352 6.81158
351 576 7.11808
352 353 3.30645
352 351 6.81158
352 1214 22.41446
353 352 3.30645
353 759 22.23942
353 577 7.66944
354 355 5.10561
354 375 3.27583
355 1320 3.98900
355 354 5.10561
355 362 10.54058
355 380 7.08754
356 359 7.19792
356 357 10.98204
356 358 5.35977
357 360 6.33629
357 206 7.19282
357 356 10.98204
358 379 5.91935
358 370 6.42391
358 377 11.60217
358 356 5.35977
359 74 6.49105
359 374 13.34284
359 365 5.96979
360 368 6.05560
360 357 6.33629
360 379 4.84348
361 371 2.70902
361 1318 3.63914
362 355 10.54058
362 195 7.12707
362 363 4.84750
363 354 10.45524
363 362 4.84750
363 749 5.28820
364 1176 7.68199
364 404 7.03911
364 374 6.15628
365 404 6.02748
365 206 5.17238
365 359 5.96979
366 370 5.92172
366 377 6.65949
367 1318 0.69885
367 1321 4.78696
367 1320 4.86323
368 360 6.05560
368 747 8.25235
369 375 1.61659
369 750 4.90276
369 749 10.62614
369 381 9.18182
370 74 6.06632
370 358 6.42391
371 378 8.31756
371 1318 2.72290
372 377 6.69139
372 747 10.11682
373 374 6.34628
373 1115 3.78898
374 1175 8.09853
374 373 6.34628
374 364 6.15628
374 359 13.34284
375 1321 7.55404
375 369 1.61659
375 354 3.27583
376 32 4.86599
376 380 5.31823
376 145 5.40848
377 366 6.65949
377 372 6.69139
377 358 11.60217
377 379 12.63920
378 321 0.84501
378 371 8.31756
378 145 3.34994
379 358 5.91935
379 360 4.84348
379 377 12.63920
380 376 5.31823
380 361 9.42143
380 355 7.08754
381 751 3.44243
381 745 9.90859
381 369 9.18182
382 1235 3.40178
382 748 14.15041
383 749 15.00217
383 1254 3.97838
384 387 0.81652
384 916 3.83606
384 1349 10.46258
385 251 8.21432
386 20 11.64115
386 941 8.88417
386 991 12.96462
387 384 0.81652
387 176 6.82369
387 620 5.66054
388 123 6.32230
388 385 6.68716
389 1217 0.52863
389 1229 0.74269
389 1206 11.88091
390 18 2.56218
390 322 1.50396
390 237 6.18061
391 392 3.29863
391 611 10.18261
391 720 6.19139
391 728 6.50798
392 391 3.29863
392 777 3.00392
392 230 9.93559
392 1308 11.38112
393 512 3.83864
393 394 24.48296
393 704 21.20845
394 393 24.48296
394 513 6.06911
395 1205 9.27464
395 1209 9.79844
396 203 4.99507
396 399 9.31104
397 396 6.69911
397 400 8.54395
398 9 3.79601
398 400 17.97770
399 406 11.49770
399 396 9.31104
399 400 13.71499
399 1217 18.91470
400 397 8.54395
400 399 13.71499
400 412 15.82668
400 398 17.97770
401 1202 5.04592
401 1217 0.63202
401 406 21.76020
402 1199 6.23174
402 403 6.24470
402 1205 18.18712
402 1209 11.70562
403 402 6.24470
403 99 0.79268
404 364 7.03911
404 365 6.02748
404 411 10.29435
405 407 5.18853
406 399 11.49770
406 412 14.21924
406 401 21.76020
407 405 5.18853
407 410 7.68097
407 409 9.19379
408 409 5.94823
408 590 1.92563
409 407 9.19379
409 408 5.94823
409 1207 5.69511
409 1199 7.18848
410 942 7.43211
410 407 7.68097
410 1206 15.78367
410 418 12.87192
411 404 10.29435
411 115 3.07347
412 406 14.21924
412 400 15.82668
412 413 3.27907
413 1256 6.23065
414 420 6.62092
414 345 6.29363
415 430 10.59085
415 319 9.45747
416 428 5.37984
416 417 2.40570
417 432 9.33696
417 90 6.74669
418 943 5.14637
418 410 12.87192
419 420 7.37418
419 51 3.50913
420 419 7.37418
420 421 12.25953
420 414 6.62092
420 425 4.49611
421 420 12.25953
421 345 4.25925
421 426 4.29185
422 418 7.10610
422 1207 8.30242
423 946 4.03498
423 92 3.28531
424 425 7.56417
424 419 2.40703
425 424 7.56417
425 426 12.13939
425 420 4.49611
425 433 5.27269
426 425 12.13939
426 421 4.29185
426 221 5.14127
426 428 13.83257
427 429 0.56843
427 319 12.14777
427 431 18.01593
428 416 5.37984
428 219 4.97709
428 426 13.83257
429 427 0.56843
429 436 5.58346
429 586 8.80985
430 147 9.73074
430 431 1.79978
430 415 10.59085
431 430 1.79978
431 427 18.01593
431 438 8.82554
432 219 4.93838
432 417 9.33696
432 220 11.91574
432 439 8.11696
433 425 5.27269
433 221 12.25116
433 434 7.59842
433 441 8.03779
434 433 7.59842
434 424 3.10503
435 320 6.99693
435 1177 8.06164
435 586 5.77344
436 435 9.57663
436 429 5.58346
436 437 2.24325
437 436 2.24325
437 212 4.80687
437 438 18.27915
438 442 4.61298
438 431 8.82554
438 437 18.27915
439 1268 0.25326
439 432 8.11696
440 1311 6.69415
440 946 7.59913
441 15 3.91848
441 433 8.03779
442 1054 5.15209
442 438 4.61298
443 121 3.49342
443 504 6.22419
443 444 11.59634
444 588 3.73084
444 445 13.20087
444 443 11.59634
445 705 3.69433
445 508 15.94487
445 444 13.20087
446 503 0.85459
446 705 7.68831
446 716 3.99138
447 341 23.83299
447 48 33.13922
447 463 18.59749
448 50 11.20271
448 968 6.95499
448 449 10.14900
449 50 11.94981
449 948 19.33892
449 448 10.14900
450 734 4.30034
450 105 13.43549
450 451 8.82343
451 453 3.51346
451 450 8.82343
451 454 4.51311
452 453 1.47350
452 232 4.73663
452 227 7.22276
453 452 1.47350
453 451 3.51346
453 455 5.32353
454 455 2.23336
454 451 4.51311
454 456 16.08372
455 454 2.23336
455 453 5.32353
455 227 3.02227
455 457 14.99979
456 573 6.30170
456 231 15.15057
456 454 16.08372
457 229 6.63931
457 455 14.99979
457 573 11.07100
457 458 5.45977
458 1231 3.00776
458 611 8.37680
458 457 5.45977
458 731 4.42900
459 728 5.53720
459 1231 3.89746
459 717 7.18982
460 721 3.11958
461 947 12.96185
461 333 8.99620
462 461 9.06967
463 2 12.93574
463 447 18.59749
464 334 16.94086
464 772 7.09424
464 771 6.39905
465 520 19.75649
465 466 1.15171
466 468 0.30539
466 334 6.50468
467 936 2.10969
467 465 1.40203
468 469 1.57744
469 247 15.60396
469 467 1.43521
470 601 0.99655
470 1224 5.32729
470 472 5.94475
471 1034 4.80833
471 602 3.66226
471 600 11.32731
472 561 1.95004
472 470 5.94475
472 1222 5.25776
473 606 4.24549
473 605 2.69752
473 1033 7.79057
473 1223 7.37832
474 607 2.13781
474 898 3.73758
475 476 1.13203
475 793 13.32044
475 794 3.15399
476 475 1.13203
476 477 1.68686
477 783 6.61802
477 348 3.29825
477 476 1.68686
478 789 0.88518
478 798 2.70397
479 697 2.49774
479 1143 15.26029
479 480 6.10258
480 488 5.14621
480 786 4.54253
480 479 6.10258
481 804 2.13847
481 786 0.53936
481 1249 5.55105
482 787 3.24417
482 803 7.16924
483 484 4.32868
483 787 1.85436
483 824 9.96169
484 483 4.32868
484 811 4.13658
485 822 3.81415
485 814 1.56364
486 485 1.26532
486 815 3.46560
487 27 17.49275
488 480 5.14621
488 1248 5.23154
488 1282 7.08356
488 1249 6.05454
489 1100 4.02535
489 697 11.26503
490 1100 2.95045
490 1248 6.70846
490 699 6.89446
491 492 7.38724
491 543 10.00751
491 494 8.30861
492 493 4.18113
492 491 7.38724
492 544 19.61119
493 495 1.82258
493 492 4.18113
493 498 4.30090
494 498 8.48129
494 1106 10.34802
494 491 8.30861
494 915 6.05265
495 493 1.82258
495 555 7.71394
495 906 2.45354
496 548 3.76995
496 906 11.01687
496 551 11.05798
497 555 8.97237
497 1351 1.68234
497 615 2.46863
498 494 8.48129
498 493 4.30090
498 915 3.86820
499 1355 9.59909
499 742 12.35043
499 1061 5.18505
500 526 3.65958
500 528 21.99061
500 527 6.83946
501 309 3.86180
501 1063 6.48311
502 24 15.89896
503 715 7.23164
503 446 0.85459
503 714 12.53451
504 443 6.22419
504 225 4.86170
504 505 12.37355
505 737 6.07090
505 504 12.37355
505 506 14.32445
506 225 1.41547
506 732 6.17851
506 505 14.32445
507 508 3.55973
507 737 5.11734
507 738 4.58094
508 735 5.78699
508 509 3.55384
508 507 3.55973
508 445 15.94487
509 708 5.26607
509 30 4.62332
509 508 3.55384
510 231 10.48080
511 703 2.40427
511 702 2.95033
511 777 20.70562
511 707 22.17346
512 393 3.83864
512 777 1.64953
512 703 20.71535
512 513 23.27479
513 1192 1.17542
513 512 23.27479
513 394 6.06911
514 1027 3.84413
514 103 2.07661
515 1138 1.80771
515 139 1.12776
516 969 1.90468
517 1126 1.51608
517 178 1.69114
518 622 4.14449
518 1096 9.73428
518 917 1.65297
519 925 5.05718
520 465 19.75649
520 332 1.72039
521 1126 3.39254
522 1307 2.72367
523 1107 0.68415
523 524 19.46725
523 1307 10.96366
524 523 19.46725
524 1122 13.29703
525 623 5.94148
525 627 7.09981
526 500 3.65958
526 167 10.55803
527 528 21.63562
527 167 12.30872
527 500 6.83946
528 500 21.99061
528 527 21.63562
529 1083 0.61359
529 619 6.23241
529 175 9.36832
530 1234 0.85081
531 530 4.63038
531 160 4.33688
532 329 19.17263
532 339 13.15007
532 1233 6.45567
533 666 6.98229
533 1293 12.71242
533 534 7.96679
534 533 7.96679
534 1213 8.32092
535 598 7.64662
535 944 15.70294
536 1050 3.22093
537 1050 13.65384
537 1051 26.05195
537 330 11.25743
538 320 2.01711
538 1263 21.75270
539 1181 5.70503
539 740 8.05820
539 105 2.97545
540 541 15.74840
540 553 18.91673
540 1097 4.52051
541 961 2.76766
541 540 15.74840
541 542 12.12966
542 553 3.77971
542 544 10.26510
542 1196 7.34754
542 541 12.12966
543 491 10.00751
543 1104 2.44140
543 544 22.57197
544 542 10.26510
544 492 19.61119
544 543 22.57197
544 552 8.95060
545 904 5.33887
545 550 8.32365
545 552 3.50944
546 550 19.54187
547 548 9.67322
548 496 3.76995
548 547 9.67322
548 907 6.25124
549 907 4.96414
549 907 4.96414
549 554 13.09229
550 546 19.54187
550 545 8.32365
550 551 7.81943
551 908 5.96777
551 550 7.81943
551 496 11.05798
552 903 7.19733
552 545 3.50944
552 544 8.95060
553 542 3.77971
553 903 9.79701
553 540 18.91673
554 549 13.09229
554 555 5.59544
554 615 6.15708
555 497 8.97237
555 495 7.71394
555 554 5.59544
556 574 4.05274
556 716 4.78449
557 1332 0.26089
557 1120 4.37479
558 294 2.62333
558 280 7.58826
558 256 6.84574
559 259 2.53496
560 601 7.15437
560 561 6.99656
560 599 7.69452
561 472 1.95004
561 606 4.93252
561 560 6.99656
562 563 5.10817
563 892 5.07391
563 895 3.05523
563 893 10.38691
563 562 5.10817
564 570 8.14712
564 568 6.24675
564 565 4.64119
565 884 2.95783
565 681 8.07281
565 564 4.64119
566 567 2.40696
566 569 6.04248
566 685 4.30540
567 566 2.40696
567 568 3.94555
567 686 6.77055
568 567 3.94555
568 564 6.24675
568 571 8.40512
568 684 10.76835
569 566 6.04248
569 687 2.12548
569 686 4.42852
570 564 8.14712
570 681 4.85553
570 572 4.39611
571 568 8.40512
571 572 4.04934
571 686 3.95435
572 689 7.98427
572 571 4.04934
572 570 4.39611
573 1179 15.98313
573 456 6.30170
573 457 11.07100
573 730 6.34692
574 715 1.72014
574 556 4.05274
574 701 23.58386
575 576 9.56079
575 87 3.33717
575 594 8.91878
576 57 1.97483
576 575 9.56079
576 351 7.11808
577 86 7.09204
577 353 7.66944
577 594 7.55161
578 1271 6.34611
578 580 7.55584
579 929 3.66262
579 928 4.32095
581 582 1.29144
581 1040 10.57058
582 975 20.38269
582 79 7.97693
583 1271 21.15342
583 581 20.82790
584 1093 11.30870
584 185 6.09132
584 585 4.68750
585 1092 11.00916
585 584 4.68750
585 156 12.96579
586 429 8.80985
586 318 12.78188
586 435 5.77344
587 588 4.76047
587 1264 20.81849
588 444 3.73084
588 121 5.69397
589 673 4.53242
589 1099 10.38404
589 672 10.65024
590 1208 1.56062
590 591 10.00819
591 592 8.09404
591 1001 11.57256
591 590 10.00819
592 1043 7.44680
592 591 8.09404
592 593 10.20997
593 408 2.78540
593 592 10.20997
594 577 7.55161
594 575 8.91878
594 86 2.98249
595 596 11.96640
595 597 3.35235
595 1195 8.25518
596 595 11.96640
596 106 5.84509
597 595 3.35235
597 676 10.83613
597 106 11.49172
597 920 6.98112
598 422 2.91406
598 92 2.57256
599 600 6.31490
599 560 7.69452
599 604 6.15954
600 471 11.32731
600 599 6.31490
600 603 6.18877
601 470 0.99655
601 560 7.15437
602 471 3.66226
603 600 6.18877
603 605 1.63710
603 608 7.45360
604 599 6.15954
604 605 2.38350
604 606 3.20864
605 473 2.69752
605 604 2.38350
605 603 1.63710
606 473 4.24549
606 561 4.93252
606 604 3.20864
607 1035 3.76798
607 602 3.87872
608 1033 1.46151
608 897 3.45213
608 603 7.45360
609 1138 5.68411
609 515 2.57882
609 610 3.11848
610 102 3.88443
611 458 8.37680
611 391 10.18261
611 229 6.52135
612 1351 6.85469
613 174 7.82330
613 68 41.31842
613 67 10.01077
614 913 8.34004
614 174 3.86414
614 616 12.28045
615 667 3.46440
615 554 6.15708
616 614 12.28045
616 617 5.90081
616 909 4.24799
617 618 3.21752
617 616 5.90081
617 909 6.26899
618 175 5.94420
618 176 1.64801
618 617 3.21752
619 529 6.23241
619 177 1.88070
619 918 12.17753
620 916 3.24032
620 921 5.95753
620 387 5.66054
621 622 2.38163
622 518 4.14449
622 621 2.38163
622 169 7.30070
623 5 5.69648
623 625 7.88628
624 626 3.65605
625 626 6.48552
625 623 7.88628
625 628 3.76505
626 631 4.36791
626 624 3.65605
626 625 6.48552
627 525 7.09981
628 629 8.12822
628 625 3.76505
628 632 4.56194
629 1075 9.02281
629 634 3.09850
629 628 8.12822
630 635 3.84666
630 631 2.61472
631 626 4.36791
631 632 5.40973
631 630 2.61472
632 631 5.40973
632 633 0.61616
632 628 4.56194
633 632 0.61616
633 637 6.09335
633 634 8.49193
634 746 2.28590
634 629 3.09850
634 633 8.49193
635 630 3.84666
635 641 6.63264
635 636 4.32075
636 638 5.39630
636 635 4.32075
636 640 3.03676
637 638 0.63914
637 633 6.09335
637 639 9.96588
638 637 0.63914
638 642 2.93801
638 636 5.39630
639 637 9.96588
639 746 6.53178
639 1317 5.12599
640 641 2.35773
640 642 4.65888
640 636 3.03676
641 643 2.61061
641 635 6.63264
641 640 2.35773
642 638 2.93801
642 644 3.37223
642 640 4.65888
643 641 2.61061
643 645 3.93764
643 644 6.61779
644 642 3.37223
644 646 3.19982
644 643 6.61779
645 643 3.93764
645 651 4.06591
645 646 6.48725
646 644 3.19982
646 649 2.93609
646 645 6.48725
647 648 4.16809
647 1316 0.73607
647 653 3.00668
648 647 4.16809
648 652 2.08403
648 1305 5.21976
649 654 1.38735
649 646 2.93609
649 650 2.24143
650 649 2.24143
650 653 4.82611
650 657 5.27694
651 645 4.06591
651 654 7.64916
652 655 5.37402
652 648 2.08403
652 321 8.19573
653 655 1.60805
653 650 4.82611
653 647 3.00668
654 649 1.38735
654 651 7.64916
654 656 4.09382
655 653 1.60805
655 658 3.38856
655 652 5.37402
656 657 1.42906
656 654 4.09382
656 755 5.13720
657 656 1.42906
657 658 2.39629
657 650 5.27694
658 659 2.61634
658 657 2.39629
658 153 3.85710
658 655 3.38856
659 658 2.61634
659 754 2.62886
659 660 8.30393
660 753 3.76182
660 153 5.24424
660 659 8.30393
661 755 3.68194
661 662 2.50896
662 663 6.93258
662 661 2.50896
663 662 6.93258
663 133 3.46181
663 664 4.01794
664 125 1.14641
664 663 4.01794
665 1123 1.17466
665 21 2.29486
665 1293 9.37219
666 974 3.83766
666 533 6.98229
666 37 14.35403
667 612 3.65534
668 915 12.33042
668 497 5.06944
669 1103 0.99734
669 1102 2.59525
669 1101 1.90638
670 671 1.58283
670 676 12.26770
670 108 7.36773
671 766 3.56287
671 670 1.58283
671 672 7.87334
672 671 7.87334
672 673 9.67818
672 589 10.65024
673 589 4.53242
673 672 9.67818
673 674 10.04971
674 1315 0.62977
674 673 10.04971
674 959 3.97981
675 676 9.52090
675 106 8.13871
676 670 12.26770
676 675 9.52090
676 597 10.83613
677 679 1.89174
677 781 7.95839
678 679 7.29698
679 677 1.89174
679 1325 5.51270
679 678 7.29698
680 1021 8.38100
680 1023 5.16238
681 565 8.07281
681 570 4.85553
681 688 10.06427
682 683 3.90150
682 686 13.64797
683 682 3.90150
683 87 0.36125
683 687 14.24426
684 685 4.01452
684 568 10.76835
684 762 39.04083
685 684 4.01452
685 687 7.82192
685 566 4.30540
686 682 13.64797
686 567 6.77055
686 569 4.42852
686 571 3.95435
687 685 7.82192
687 683 14.24426
687 569 2.12548
688 681 10.06427
688 689 6.52931
689 572 7.98427
689 58 1.30013
689 688 6.52931
690 691 2.58705
690 95 4.34845
691 693 1.43619
691 1161 2.35062
691 95 2.47467
692 693 1.77127
692 1161 2.02029
693 691 1.43619
693 343 12.66050
693 979 14.29875
694 1032 1.75619
694 1277 21.35351
694 1030 15.07566
695 60 31.04814
695 25 1.99114
696 1042 55.14153
696 26 1.93319
697 479 2.49774
697 349 9.20666
698 188 2.41678
698 801 5.09222
699 490 6.89446
699 1241 1.91279
700 1098 25.68783
701 711 10.37465
701 704 25.27955
701 574 23.58386
702 230 2.40138
702 511 2.95033
702 30 13.10238
703 511 2.40427
703 704 6.85295
703 706 22.32283
703 512 20.71535
704 703 6.85295
704 393 21.20845
704 701 25.27955
705 708 4.63223
705 445 3.69433
705 218 2.34238
705 446 7.68831
706 1299 0.32574
706 707 2.40926
706 703 22.32283
707 706 2.40926
707 30 3.36149
707 511 22.17346
707 709 6.13758
708 705 4.63223
708 509 5.26607
708 709 10.32642
709 710 2.36176
709 707 6.13758
709 708 10.32642
710 1299 5.48677
710 709 2.36176
710 712 1.68162
710 714 6.75225
711 701 10.37465
711 1299 2.31522
711 712 4.85055
712 711 4.85055
712 710 1.68162
712 713 6.32160
713 714 3.97053
713 715 15.81513
713 712 6.32160
714 713 3.97053
714 503 12.53451
714 710 6.75225
715 574 1.72014
715 503 7.23164
715 713 15.81513
716 446 3.99138
716 218 3.74728
717 728 4.76150
717 723 6.71518
717 718 21.63803
717 459 7.18982
718 222 3.03296
718 717 21.63803
718 228 6.30188
719 226 2.12469
720 391 6.19139
720 226 3.19786
720 721 5.89744
721 728 5.03098
721 720 5.89744
721 460 3.11958
722 724 0.97945
723 729 1.29544
723 717 6.71518
723 724 7.44518
724 722 0.97945
724 723 7.44518
724 725 2.99886
725 724 2.99886
726 727 9.76666
727 726 9.76666
727 42 6.63055
727 222 18.51399
728 721 5.03098
728 459 5.53720
728 391 6.50798
728 717 4.76150
729 723 1.29544
729 1180 17.41198
729 730 11.30811
730 731 4.39221
730 729 11.30811
730 573 6.34692
731 458 4.42900
731 730 4.39221
731 1231 4.59594
732 506 6.17851
732 105 7.87891
732 733 14.70875
733 734 3.51855
733 732 14.70875
733 736 4.48244
734 450 4.30034
734 232 9.02968
734 733 3.51855
735 232 2.58661
735 508 5.78699
735 738 5.29014
736 738 4.25067
736 737 4.71478
736 733 4.48244
737 505 6.07090
737 507 5.11734
737 736 4.71478
738 736 4.25067
738 735 5.29014
738 507 4.58094
739 225 3.23019
739 223 10.57814
739 740 10.43389
740 1178 5.46929
740 739 10.43389
740 539 8.05820
741 1058 3.22113
742 1108 2.36945
742 499 12.35043
743 925 1.23856
743 1355 17.56628
744 66 14.39577
745 746 2.96247
745 381 9.90859
745 1305 9.36380
746 745 2.96247
746 634 2.28590
746 639 6.53178
747 159 3.00768
747 150 7.20677
748 973 8.14099
748 382 14.15041
748 751 5.28535
749 369 10.62614
749 965 4.61544
749 383 15.00217
749 363 5.28820
750 369 4.90276
750 751 8.98013
750 965 10.69294
750 973 4.94548
751 381 3.44243
751 750 8.98013
751 748 5.28535
752 146 5.93772
752 148 6.69515
753 29 5.72070
753 660 3.76182
753 133 10.06598
753 132 13.99052
754 659 2.62886
754 133 3.94525
754 755 7.32105
755 656 5.13720
755 661 3.68194
755 754 7.32105
756 204 4.18106
756 150 24.62408
757 205 2.96400
757 758 8.15539
758 757 8.15539
759 1214 8.16334
759 353 22.23942
759 880 3.05908
760 34 11.39877
760 886 7.86698
761 762 8.73024
761 886 2.64795
761 887 2.31620
762 761 8.73024
762 85 13.03705
762 967 8.95664
762 684 39.04083
763 954 0.82675
763 878 8.97129
763 93 3.11344
764 949 0.62581
764 343 30.71269
765 1152 1.79274
765 1153 13.88857
765 1159 1.02077
766 671 3.56287
766 65 4.16015
767 960 18.40043
767 766 4.19278
767 65 4.80701
768 999 17.62333
769 55 52.79079
770 1011 3.43443
770 335 7.00478
771 464 6.39905
772 464 7.09424
772 16 3.64952
773 774 0.40382
774 773 0.40382
774 837 8.81783
775 828 2.21595
775 825 22.50727
775 857 4.09102
776 1293 17.56743
776 1132 17.91616
777 512 1.64953
777 392 3.00392
777 1193 22.12235
777 511 20.70562
778 779 4.65354
779 780 1.10823
779 778 4.65354
779 794 0.41254
780 779 1.10823
780 781 0.69554
781 780 0.69554
781 677 7.95839
782 348 4.32207
782 783 4.03771
783 477 6.61802
783 782 4.03771
784 785 3.04401
784 1143 14.96946
785 784 3.04401
786 481 0.53936
786 480 4.54253
787 483 1.85436
787 482 3.24417
787 823 10.25607
788 349 25.22078
789 478 0.88518
789 348 1.09470
789 790 7.49106
790 1216 6.75090
790 789 7.49106
790 796 9.48585
791 1216 9.43181
791 1018 3.55067
792 793 5.60578
792 794 11.43049
792 1019 13.06661
793 792 5.60578
793 1018 9.32672
794 475 3.15399
794 779 0.41254
794 792 11.43049
795 349 10.01398
795 798 3.44471
795 796 4.70674
796 1215 6.12487
796 795 4.70674
796 790 9.48585
796 798 7.10471
797 1215 7.34792
797 800 2.07730
797 1015 5.18874
798 795 3.44471
798 478 2.70397
798 796 7.10471
799 1243 3.33134
799 349 10.72579
800 797 2.07730
800 799 13.33110
801 489 2.98464
801 1100 4.67910
801 802 7.93280
802 1341 1.08128
802 801 7.93280
803 482 7.16924
803 804 7.27418
803 81 14.13986
804 481 2.13847
804 803 7.27418
804 805 9.26888
805 1242 3.18888
805 1249 1.88847
805 804 9.26888
806 815 5.41564
806 808 6.56472
806 816 1.94825
807 808 2.76682
807 812 0.93027
808 807 2.76682
808 806 6.56472
809 810 4.46815
809 812 0.65608
810 809 4.46815
810 811 3.43784
811 816 5.56007
811 484 4.13658
811 810 3.43784
812 809 0.65608
812 813 0.94531
812 807 0.93027
813 812 0.94531
814 821 7.36652
814 1140 1.02581
815 817 3.28430
815 486 3.46560
815 806 5.41564
816 811 5.56007
816 806 1.94825
816 817 4.97108
817 815 3.28430
817 820 1.37752
817 816 4.97108
818 824 1.32306
818 822 2.49123
818 820 3.04127
819 820 4.16411
820 818 3.04127
820 817 1.37752
820 819 4.16411
821 823 0.85059
821 814 7.36652
821 822 4.85826
822 818 2.49123
822 485 3.81415
822 821 4.85826
823 821 0.85059
823 787 10.25607
823 824 3.61476
824 818 1.32306
824 483 9.96169
824 823 3.61476
825 775 22.50727
825 234 9.25155
825 835 7.95885
826 234 2.97804
827 830 1.98770
827 859 3.51879
827 841 4.73495
828 775 2.21595
828 829 10.71245
828 836 4.29473
829 828 10.71245
829 855 3.07523
829 846 4.58556
830 855 0.93362
830 827 1.98770
830 842 4.41237
831 869 2.89846
831 832 27.90130
831 83 4.67645
832 861 6.94518
832 833 6.65323
832 831 27.90130
833 840 6.86023
833 845 3.00252
833 839 13.78759
833 832 6.65323
834 849 2.05992
834 856 5.91448
834 839 9.51603
834 852 9.13512
835 851 7.29142
835 825 7.95885
835 852 4.27712
836 846 4.76348
836 850 3.91913
836 848 1.55814
836 828 4.29473
837 859 6.85487
837 774 8.81783
837 860 9.01295
838 839 0.55432
838 842 5.46351
838 845 9.48895
838 856 4.71251
839 838 0.55432
839 834 9.51603
839 833 13.78759
840 860 1.10846
840 833 6.86023
840 844 3.56071
841 844 0.49530
841 827 4.73495
841 842 8.24677
842 830 4.41237
842 838 5.46351
842 843 2.84698
842 841 8.24677
843 854 1.02918
843 856 6.27320
843 842 2.84698
844 841 0.49530
844 845 2.46333
844 840 3.56071
845 844 2.46333
845 833 3.00252
845 838 9.48895
846 836 4.76348
846 847 0.80995
846 829 4.58556
847 846 0.80995
847 854 1.30726
847 848 4.88527
848 849 4.24123
848 836 1.55814
848 856 1.65009
848 847 4.88527
849 848 4.24123
849 850 2.46218
849 834 2.05992
849 853 1.63740
850 836 3.91913
850 849 2.46218
850 851 1.48165
851 853 1.86315
851 850 1.48165
851 835 7.29142
852 853 4.70150
852 835 4.27712
852 834 9.13512
853 851 1.86315
853 852 4.70150
853 849 1.63740
854 843 1.02918
854 847 1.30726
854 855 4.79574
855 830 0.93362
855 829 3.07523
855 854 4.79574
856 848 1.65009
856 834 5.91448
856 843 6.27320
856 838 4.71251
857 775 4.09102
857 919 5.16363
858 919 1.43595
859 827 3.51879
859 837 6.85487
859 860 7.33638
860 840 1.10846
860 837 9.01295
860 859 7.33638
861 862 3.09522
861 832 6.94518
861 868 3.83847
862 863 3.12475
862 861 3.09522
862 866 2.70105
863 119 17.43443
863 862 3.12475
864 865 3.92531
865 867 8.89258
865 864 3.92531
865 869 5.57669
866 862 2.70105
866 868 3.75771
866 868 3.75771
866 867 6.32334
867 45 2.97485
867 865 8.89258
867 866 6.32334
868 866 3.75771
868 866 3.75771
868 861 3.83847
869 831 2.89846
869 46 22.97775
869 865 5.57669
870 871 8.22395
870 950 3.26098
871 870 8.22395
871 1016 37.23642
871 1292 16.90066
872 874 6.16361
872 931 7.69563
873 874 9.79286
874 872 6.16361
874 873 9.79286
874 1145 11.67185
875 1020 9.84905
875 1145 6.32121
875 876 2.55387
876 875 2.55387
877 878 15.76010
877 882 15.46859
877 86 22.30995
877 85 10.12610
878 763 8.97129
878 85 14.51048
878 877 15.76010
878 879 7.95159
879 93 0.73082
879 181 3.09882
879 878 7.95159
880 94 0.39562
880 881 5.68824
880 759 3.05908
881 880 5.68824
882 877 15.46859
883 884 8.87687
883 891 8.31668
884 565 2.95783
884 883 8.87687
885 1149 2.38338
885 1147 10.94762
885 34 5.86242
886 761 2.64795
886 1147 2.15380
886 887 2.79184
886 760 7.86698
887 886 2.79184
887 761 2.31620
887 888 4.80347
887 889 6.98272
888 760 7.40054
888 887 4.80347
889 888 5.99742
889 887 6.98272
890 891 4.94463
890 892 5.32834
891 890 4.94463
891 1334 3.23895
891 883 8.31668
892 563 5.07391
892 894 2.07825
892 890 5.32834
893 1334 6.01426
893 563 10.38691
893 342 8.64471
894 892 2.07825
895 563 3.05523
895 896 13.36792
896 895 13.36792
897 608 3.45213
897 1034 5.31284
897 1035 6.06192
898 1035 3.70985
898 474 3.73758
898 1033 10.40043
899 1036 9.47111
899 474 1.57870
900 901 5.90102
901 900 5.90102
901 1040 1.22548
901 1038 3.38284
902 1097 0.96344
902 69 1.57219
903 552 7.19733
903 904 4.19562
903 553 9.79701
904 905 2.08316
904 545 5.33887
904 903 4.19562
905 904 2.08316
906 496 11.01687
906 495 2.45354
906 907 15.96758
907 549 4.96414
907 549 4.96414
907 548 6.25124
907 906 15.96758
908 551 5.96777
909 911 3.66865
909 617 6.26899
909 616 4.24799
910 913 2.23556
910 1351 9.91431
910 911 1.97858
911 912 2.57695
911 910 1.97858
911 909 3.66865
912 911 2.57695
913 910 2.23556
913 614 8.34004
913 914 3.82223
914 913 3.82223
915 668 12.33042
915 498 3.86820
915 494 6.05265
916 384 3.83606
916 620 3.24032
